4734
0 0 8 0
0 1 1 6
0 7 1 11
0 12 0 19
0 20 7 20
0 21 1 24
0 25 7 25
0 26 1 29
0 30 8 30
0 31 8 31
0 33 0 44
0 45 4 46
0 47 9 47
0 48 0 55
0 56 1 59
0 60 8 60
0 61 0 69
0 70 0 77
0 78 1 81
0 82 0 89
0 90 0 98
0 99 9 99
0 100 0 108
0 109 7 109
0 110 3 112
0 113 10 113
0 114 3 116
0 117 7 117
0 118 3 119
0 122 7 122
0 123 7 123
0 124 4 125
0 127 7 127
0 128 0 135
0 136 0 143
0 144 0 152
0 153 8 153
0 154 10 154
0 155 0 164
0 165 0 173
0 174 3 175
0 176 3 177
0 178 11 178
0 179 0 188
0 189 7 189
0 190 3 191
0 192 7 192
0 197 10 197
0 198 0 206
0 207 7 207
0 208 0 215
0 216 1 219
0 220 10 220
0 221 2 224
0 225 0 236
0 237 4 238
0 239 1 242
0 243 9 243
0 244 7 244
0 245 3 246
0 247 8 247
1 13 4 14
1 15 4 16
1 17 4 19
1 32 2 36
1 37 2 41
1 42 4 43
1 48 9 48
1 53 8 53
1 62 1 71
1 74 9 74
1 76 9 76
1 77 8 77
1 82 12 82
1 83 1 90
1 91 8 91
1 92 4 93
1 94 8 94
1 96 8 96
1 97 8 97
1 98 8 98
1 100 10 100
1 101 1 108
0 120 11 120
1 129 11 129
1 130 4 131
1 133 12 133
1 134 1 143
1 144 2 147
1 148 8 148
1 151 4 152
1 155 4 157
1 158 1 165
1 166 9 166
1 168 4 169
1 170 9 170
1 172 5 173
1 179 4 180
1 181 8 181
1 182 4 184
1 185 9 185
1 187 11 187
1 199 8 199
1 202 9 202
1 205 11 205
1 208 8 208
1 209 4 210
1 211 2 215
1 225 12 225
1 226 2 230
1 231 8 231
1 232 8 232
1 235 5 236
0 248 5 249
2 1 5 2
2 4 5 5
2 6 10 6
2 9 3 12
2 21 13 21
2 22 7 23
2 26 5 28
1 44 10 44
1 49 3 52
2 54 3 57
2 58 9 58
1 61 9 61
2 62 9 62
2 63 12 63
2 65 12 65
2 68 9 68
2 71 11 71
1 73 9 73
2 83 3 87
2 89 10 89
2 105 4 108
1 132 9 132
2 134 5 135
2 136 2 143
2 158 2 165
1 167 9 167
1 198 9 198
1 201 9 201
1 203 5 204
2 216 5 217
2 218 10 218
1 234 12 234
2 240 12 240
2 7 10 7
2 8 10 8
2 29 13 29
3 32 6 33
3 35 4 38
3 39 10 39
3 41 12 41
1 75 12 75
2 78 4 81
2 88 10 88
2 101 4 104
0 126 10 126
3 136 4 141
3 142 10 142
3 143 10 143
3 144 13 144
3 146 10 146
1 150 12 150
3 158 3 165
0 193 10 193
0 194 11 194
0 195 10 195
0 196 11 196
3 213 12 213
3 214 10 214
3 215 10 215
2 219 10 219
3 222 13 222
3 226 4 230
4 9 8 10
4 11 12 11
2 24 11 24
3 34 11 34
3 40 13 40
4 49 13 49
4 54 5 57
1 72 11 72
4 84 14 84
4 85 14 85
4 87 14 87
4 115 12 115
4 118 7 119
1 128 11 128
4 164 11 164
4 165 11 165
1 171 11 171
4 175 11 175
4 176 11 176
4 177 11 177
4 190 11 190
1 200 12 200
2 241 7 242
4 245 11 245
4 246 12 246
2 3 13 3
5 13 10 14
5 15 12 15
5 16 12 16
5 19 14 19
5 35 6 38
5 42 12 42
5 45 16 45
4 52 12 52
2 66 12 66
5 81 12 81
4 83 14 83
5 92 8 93
5 101 8 103
5 104 12 104
5 105 12 105
5 107 14 107
4 116 12 116
1 121 12 121
5 130 12 130
5 131 15 131
5 136 6 140
5 151 9 152
5 155 13 155
5 156 5 163
5 168 15 168
5 179 8 180
5 182 8 183
5 184 14 184
1 186 12 186
5 209 8 211
3 212 12 212
3 224 12 224
5 228 8 230
5 237 14 237
2 239 12 239
6 1 9 2
6 4 10 5
5 17 10 18
6 27 13 27
6 28 16 28
5 46 13 46
4 50 13 50
4 51 13 51
6 54 9 55
6 56 9 57
5 79 10 80
5 125 13 125
6 134 13 134
2 149 13 149
6 156 7 160
6 161 14 161
6 163 14 163
6 172 15 172
6 173 13 173
6 203 14 203
6 204 14 204
6 217 14 217
5 226 10 227
6 236 14 236
7 32 14 32
7 33 16 33
7 35 14 35
7 36 10 38
5 43 14 43
4 86 14 86
4 112 14 112
6 135 14 135
7 136 10 137
7 138 15 138
7 140 15 140
6 162 14 162
8 20 15 20
8 22 16 22
8 25 11 26
4 59 15 59
4 64 15 64
8 109 12 110
4 114 15 114
8 117 12 118
8 122 17 122
8 123 12 124
8 127 15 127
7 139 15 139
5 141 15 141
8 156 9 160
5 169 15 169
8 188 11 189
8 192 15 192
8 206 11 207
4 233 15 233
8 244 18 244
6 248 15 248
6 249 15 249
5 12 16 12
9 30 16 30
9 31 16 31
9 53 17 53
9 60 16 60
9 77 14 78
9 91 16 91
9 92 16 92
9 93 10 98
9 101 12 103
5 106 16 106
5 111 16 111
9 147 12 148
9 153 17 153
5 174 16 174
9 179 10 183
9 199 17 199
9 208 10 211
9 228 17 228
9 230 13 231
9 232 16 232
6 235 16 235
8 241 12 242
9 247 20 247
10 2 17 2
9 10 17 10
10 47 21 47
10 54 11 57
10 58 17 58
10 61 17 61
10 62 18 62
10 67 15 68
6 69 17 69
10 73 20 73
10 74 17 74
10 76 17 76
10 132 18 132
6 145 17 145
10 156 13 157
10 198 21 198
9 0 18 0
10 1 18 1
11 4 12 7
11 8 14 9
11 39 18 39
10 48 18 48
11 80 21 80
11 88 14 89
7 90 18 90
11 95 16 96
11 97 18 97
11 98 18 98
10 99 18 99
11 126 22 126
11 136 18 136
11 142 14 143
11 146 18 146
10 151 14 152
10 166 15 167
10 170 19 170
11 180 18 180
11 181 14 183
10 185 19 185
11 195 22 195
10 201 15 202
11 209 20 209
11 210 18 210
11 214 18 214
11 218 14 220
7 221 18 221
9 229 19 229
10 243 20 243
11 17 19 17
12 24 23 24
12 26 19 26
12 34 19 34
11 44 19 44
12 54 19 54
12 55 23 55
12 56 16 57
8 70 19 70
8 119 19 119
11 154 21 154
10 158 19 158
10 160 21 160
12 164 15 165
12 175 13 178
12 187 13 190
8 238 19 238
12 245 19 245
13 6 17 7
13 11 20 11
13 14 16 16
11 38 22 38
13 41 16 42
13 52 21 52
13 66 21 66
12 71 17 72
11 93 21 93
11 94 20 94
13 101 20 101
13 102 21 102
13 104 20 104
13 105 20 105
13 115 17 116
13 117 18 118
13 123 20 123
13 124 22 124
12 128 17 129
13 148 20 148
9 191 20 191
11 197 20 197
12 205 16 206
11 215 16 216
9 223 20 223
13 224 16 226
13 239 16 241
14 3 17 5
10 23 21 23
14 27 22 27
11 36 21 36
14 49 17 51
13 81 21 81
11 100 21 100
13 110 21 110
11 113 21 113
13 120 17 121
14 125 22 125
13 130 21 130
14 133 17 134
14 149 21 149
14 156 18 157
12 171 21 171
14 175 15 178
11 179 22 179
14 186 15 189
14 190 24 190
11 193 21 193
12 207 17 208
13 211 18 212
15 9 24 9
15 19 25 19
12 25 22 25
15 32 22 32
15 35 26 35
15 43 23 43
14 46 23 46
15 82 15 89
15 107 25 107
13 108 18 109
15 112 22 112
15 135 23 135
15 151 23 151
15 161 18 163
14 173 22 173
15 181 16 184
12 194 22 194
15 203 24 203
15 204 26 204
13 213 22 213
15 217 24 217
14 222 25 222
14 230 23 230
13 246 22 246
14 40 24 40
13 63 24 63
13 65 24 65
16 84 25 84
16 85 19 86
16 88 23 88
16 89 24 89
16 137 17 140
14 144 24 144
13 150 24 150
14 155 23 155
16 164 27 164
16 167 19 169
16 175 17 178
16 187 26 187
16 189 23 189
16 192 27 192
15 219 19 220
15 236 20 237
16 248 24 248
16 249 26 249
15 8 24 8
13 18 24 18
16 20 24 20
17 28 18 31
13 37 24 37
17 41 24 41
17 56 24 56
17 60 26 60
16 67 27 67
15 77 26 77
13 79 24 79
16 82 24 82
16 127 25 127
16 141 26 141
15 143 24 143
13 159 24 159
16 166 27 166
17 181 25 181
17 182 24 182
13 200 24 200
17 216 24 216
17 224 20 226
17 231 18 235
17 239 26 239
17 240 26 240
18 2 26 2
18 3 29 3
18 4 25 4
18 5 25 5
17 12 21 13
17 42 26 42
18 49 22 50
18 51 27 51
18 57 21 58
18 61 26 61
18 74 26 74
16 87 27 87
17 91 21 92
17 106 25 106
18 114 21 116
16 131 26 131
18 133 26 133
18 138 25 138
18 140 29 140
16 172 27 172
18 174 19 178
17 183 25 183
14 196 25 196
18 199 27 199
16 201 27 201
17 206 26 206
18 207 21 208
15 218 25 218
18 227 23 228
17 241 26 241
18 6 26 6
18 10 27 10
17 21 22 22
19 28 20 31
19 39 26 39
19 48 26 48
18 53 27 53
18 71 22 72
18 75 22 76
15 78 26 78
17 95 26 95
17 96 26 96
19 97 22 98
19 99 30 99
18 121 22 122
19 132 26 132
19 145 23 146
18 153 27 153
19 161 27 161
19 163 26 163
19 180 27 180
16 202 27 202
19 210 22 211
19 234 27 234
19 0 24 1
20 14 21 17
20 26 27 26
17 33 27 33
20 34 28 34
20 44 23 45
20 54 27 54
19 62 27 62
20 85 27 85
20 86 27 86
19 108 29 108
19 109 27 109
19 136 23 137
16 147 27 147
19 156 23 157
19 162 27 162
20 167 21 170
20 175 31 175
20 185 31 185
17 205 27 205
19 214 23 215
19 221 27 221
20 245 27 245
21 31 28 31
17 59 28 59
21 73 32 73
21 94 28 94
21 103 24 104
21 105 29 105
17 111 28 111
21 123 30 123
21 148 28 148
20 158 31 158
20 178 28 178
21 191 29 191
19 212 30 212
20 220 28 220
21 223 25 224
21 225 32 225
19 235 30 235
21 236 24 238
21 11 29 11
22 13 32 13
22 14 26 15
22 17 31 17
22 23 29 23
22 36 29 36
22 52 31 52
22 58 29 58
18 64 29 64
22 80 26 81
22 90 25 91
22 100 30 100
21 101 29 101
22 110 32 110
22 113 22 120
18 128 29 128
22 129 25 130
18 139 29 139
18 142 29 142
22 149 32 149
22 167 29 167
22 168 29 168
22 171 31 171
18 188 29 188
22 193 30 193
22 207 26 208
20 229 30 229
20 231 25 232
19 244 29 244
19 7 30 7
22 16 33 16
23 27 31 27
23 32 30 32
22 66 31 66
23 68 24 72
23 76 30 76
23 97 30 97
22 102 30 102
23 112 30 112
23 114 30 114
23 118 30 118
23 119 30 119
23 120 30 120
23 122 30 122
23 124 26 126
19 165 30 165
22 169 26 170
20 176 31 176
20 177 31 177
23 194 26 195
21 209 30 209
23 210 33 210
23 213 31 213
21 242 26 243
21 30 31 30
24 43 27 44
24 46 35 46
23 49 27 50
24 88 31 88
22 92 27 93
23 98 32 98
23 117 31 117
24 134 27 136
24 137 33 137
24 151 27 152
24 155 32 155
24 156 32 156
24 157 31 157
23 173 27 174
24 189 32 189
21 197 31 197
24 214 28 215
20 233 31 233
23 246 27 247
22 12 32 12
25 18 33 18
25 20 28 22
23 25 32 25
25 41 32 41
25 55 28 57
25 68 26 72
25 82 28 83
25 104 34 104
24 145 28 146
22 154 32 154
25 182 33 182
25 216 29 217
21 219 32 219
24 227 33 227
24 230 32 230
25 248 33 248
25 0 36 0
26 4 29 5
25 37 33 37
24 45 35 45
22 47 33 47
26 84 37 84
25 89 33 89
26 91 35 91
26 106 29 107
26 127 37 127
26 130 35 130
26 138 33 138
26 183 34 183
22 184 33 184
25 203 33 203
23 211 33 211
26 218 37 218
26 224 33 224
22 226 33 226
25 237 33 237
27 6 34 6
25 8 30 9
27 15 35 15
25 28 30 29
23 38 34 38
27 39 36 39
25 40 36 40
27 48 38 48
27 61 37 61
27 68 34 68
27 69 34 69
27 70 34 70
27 71 34 71
27 72 34 72
27 77 28 81
27 95 36 95
27 96 36 96
25 103 34 103
23 121 34 121
27 125 34 125
25 143 30 144
25 150 36 150
27 163 34 163
27 170 34 170
23 179 34 179
26 181 34 181
23 186 34 186
27 194 30 196
27 206 30 208
24 228 34 228
26 231 30 232
27 238 28 242
27 243 36 243
28 26 39 26
28 33 35 33
28 43 36 43
28 44 36 44
28 49 31 51
28 53 31 54
28 62 31 63
27 74 32 75
28 85 35 85
28 86 31 87
28 92 35 92
28 109 36 109
24 116 35 116
27 132 32 133
28 135 36 135
28 151 31 153
28 161 33 162
28 172 31 174
28 180 38 180
28 221 35 221
28 234 35 234
28 245 38 245
28 246 35 246
27 1 32 2
28 10 37 10
29 31 37 31
29 34 36 34
27 42 36 42
29 55 37 55
29 56 40 56
29 78 37 78
28 93 36 93
29 94 36 94
28 134 36 134
27 141 36 141
29 145 30 148
25 159 36 159
29 178 36 178
25 190 36 190
28 198 30 201
29 214 32 215
29 220 36 220
29 238 30 241
30 5 37 5
30 11 37 11
26 19 37 19
29 20 37 20
30 21 31 24
30 35 33 36
30 57 34 58
29 59 37 59
27 60 37 60
29 79 31 82
30 101 37 101
30 105 31 108
29 111 37 111
30 128 37 128
28 136 39 136
30 139 33 140
30 142 39 142
30 166 31 169
27 187 38 187
28 204 33 205
30 216 40 216
30 244 41 244
27 249 37 249
31 28 38 28
31 32 38 32
30 64 38 64
27 65 38 65
28 67 38 67
31 76 42 76
31 97 41 97
31 100 42 100
31 102 39 102
31 112 32 115
31 118 38 118
31 119 34 120
31 122 34 123
27 124 38 124
27 131 38 131
31 145 34 147
30 191 38 191
31 194 38 194
31 199 34 201
31 207 38 207
31 231 34 232
31 239 41 239
31 240 40 240
29 242 38 242
31 7 40 7
28 14 39 14
32 23 35 24
32 30 43 30
32 49 41 49
32 50 35 51
32 54 39 54
32 62 35 63
29 77 39 77
32 79 39 79
32 80 39 80
32 81 35 82
29 83 40 83
32 86 35 88
32 106 39 106
32 107 39 107
32 117 39 117
28 129 39 129
31 143 39 143
32 157 35 158
28 160 39 160
31 165 39 165
32 166 39 166
32 171 33 176
31 193 39 193
32 197 41 197
31 198 39 198
32 212 36 213
28 222 39 222
31 229 41 229
28 247 39 247
33 1 40 1
33 2 40 2
31 8 40 8
33 12 40 12
33 25 40 25
32 27 40 27
32 66 42 66
33 112 40 112
33 114 40 114
32 151 40 151
32 152 42 152
33 154 44 154
31 196 40 196
31 209 41 209
33 214 40 214
33 215 40 215
33 230 41 230
31 9 41 9
32 22 41 22
34 36 39 37
33 41 41 41
34 47 41 47
32 52 41 52
33 98 41 98
30 126 41 126
34 137 36 140
33 149 44 149
33 155 38 156
34 171 35 174
34 182 43 182
34 202 37 203
34 204 37 205
31 206 41 206
31 208 41 208
34 210 37 211
34 224 35 227
34 235 35 238
35 6 44 6
33 13 43 13
32 17 42 17
34 18 42 18
34 35 44 35
35 38 42 38
35 58 42 58
35 68 42 68
35 71 39 72
33 73 38 74
34 89 38 90
35 119 38 120
35 121 38 122
33 133 42 133
31 144 42 144
35 145 36 148
35 161 36 164
35 167 36 170
34 175 38 176
35 179 43 179
35 181 42 181
33 188 38 189
35 200 43 200
33 219 44 219
31 223 42 223
35 228 46 228
35 232 39 233
31 241 42 241
34 248 42 248
36 23 41 24
36 50 40 51
36 63 43 63
35 69 39 70
33 75 43 75
36 81 39 82
36 85 44 85
36 87 39 88
35 103 39 104
33 110 43 110
35 123 46 123
35 125 43 125
36 130 47 130
36 157 39 158
36 171 43 171
36 173 47 173
35 183 37 186
32 217 43 217
36 226 43 226
35 231 45 231
36 234 47 234
36 235 44 235
36 236 46 236
36 246 46 246
33 3 44 3
36 15 46 15
33 29 44 29
36 33 44 33
37 34 44 34
37 43 45 43
36 91 40 92
37 93 46 93
37 94 40 96
33 108 44 108
37 134 42 135
37 138 40 139
37 145 45 145
37 147 44 147
37 148 44 148
37 161 45 161
37 163 44 163
37 169 40 170
36 172 45 172
37 177 42 178
37 220 44 220
36 221 44 221
36 237 47 237
37 243 48 243
38 4 42 5
38 10 41 11
38 19 41 21
37 42 45 42
37 44 41 45
34 53 45 53
38 55 48 55
38 59 45 59
38 60 45 60
38 78 46 78
38 101 45 101
34 105 45 105
36 116 45 116
38 127 41 128
37 137 45 137
37 140 41 141
37 168 47 168
38 183 41 185
38 202 41 203
38 204 41 205
38 210 46 210
37 213 45 213
36 224 45 224
36 238 47 238
38 249 48 249
35 16 46 16
38 31 48 31
39 32 48 32
36 62 47 62
39 67 47 67
39 89 44 90
37 109 46 109
38 111 47 111
35 115 46 115
39 118 40 122
39 124 46 124
39 155 47 155
37 164 47 164
39 176 48 176
39 187 40 190
39 191 46 191
39 194 48 194
39 207 46 207
38 211 46 211
36 227 46 227
39 242 47 242
39 28 47 28
37 39 47 39
36 46 47 46
40 54 48 54
39 64 49 64
40 69 47 69
40 70 47 70
40 71 43 72
40 77 51 77
40 80 47 80
40 81 47 81
36 86 47 86
40 87 47 87
40 88 47 88
40 102 49 102
40 103 49 103
40 106 47 106
40 107 48 107
39 131 48 131
39 156 47 156
40 157 47 157
40 160 49 160
40 165 43 166
37 167 47 167
38 186 47 186
36 192 47 192
40 198 48 198
36 201 47 201
40 222 49 222
41 1 48 1
41 2 52 2
41 7 45 8
41 12 49 12
41 27 49 27
40 36 48 36
40 37 50 37
41 50 44 51
37 57 48 57
39 74 50 74
40 79 48 79
41 91 48 91
41 92 48 92
41 94 48 94
41 95 44 96
41 112 44 113
41 114 51 114
40 117 49 117
41 118 42 122
41 138 48 138
41 139 52 139
40 142 44 143
41 150 44 151
41 169 52 169
39 180 50 180
41 187 42 190
40 193 48 193
41 195 44 196
37 199 48 199
41 214 44 216
40 232 49 232
41 240 52 240
39 245 50 245
42 9 45 10
42 11 49 11
40 14 49 14
42 20 50 20
42 21 45 23
41 25 45 26
38 40 49 40
42 41 50 41
42 47 49 47
42 49 53 49
42 52 53 52
38 61 49 61
39 65 49 65
40 82 49 82
38 99 49 99
42 128 49 128
40 129 49 129
42 141 53 141
38 162 49 162
42 184 49 184
42 202 46 203
42 205 49 205
42 206 49 206
42 208 46 209
38 218 49 218
40 233 49 233
43 17 46 19
42 24 50 24
43 38 50 38
42 44 50 44
42 45 50 45
43 58 53 58
43 68 51 68
39 73 50 73
39 84 50 84
43 119 50 119
43 120 50 120
43 121 46 122
43 144 54 144
43 152 54 152
41 174 46 175
43 181 50 181
43 188 53 188
43 189 53 189
43 190 54 190
42 197 52 197
39 225 50 225
42 229 46 230
43 247 46 248
43 4 47 5
44 63 53 63
44 71 51 71
44 72 51 72
44 75 51 75
42 97 47 98
42 126 47 127
43 133 51 133
40 146 51 146
40 158 51 158
44 165 47 166
44 171 51 171
43 177 52 177
43 178 51 178
42 204 51 204
40 212 51 212
44 226 51 226
45 3 52 3
45 6 56 6
45 29 48 30
45 33 48 34
45 51 53 51
45 95 52 95
45 108 55 108
44 110 55 110
45 112 52 112
45 113 52 113
44 125 52 125
42 140 52 140
45 147 46 150
45 151 52 151
41 159 52 159
45 163 52 163
44 182 54 182
45 195 48 196
45 215 52 215
45 219 48 221
43 223 52 223
42 239 53 239
43 241 52 241
42 0 53 0
46 7 53 7
46 8 49 10
46 21 49 23
46 25 49 26
45 35 56 35
46 42 54 42
42 48 53 48
45 50 53 50
46 59 53 59
46 60 53 60
43 66 54 66
45 89 49 90
46 100 49 101
42 104 53 104
46 116 54 116
43 134 53 134
46 137 53 137
45 142 53 142
44 179 54 179
43 187 53 187
44 200 53 200
46 213 53 213
45 216 56 216
44 13 55 13
47 15 56 15
47 16 50 18
46 43 54 43
43 76 54 76
45 85 54 85
47 115 54 115
43 118 54 118
47 121 48 124
46 145 54 145
47 149 52 150
46 161 54 161
43 170 54 170
46 172 54 172
47 191 56 191
47 207 49 210
47 227 48 230
45 235 54 235
47 246 50 247
48 4 56 4
48 39 55 39
48 62 58 62
48 69 56 69
48 70 56 70
47 78 56 78
48 80 51 81
48 87 51 88
45 96 55 96
48 98 57 98
48 106 59 106
47 109 55 109
48 126 53 127
46 135 51 136
48 156 51 157
48 167 58 167
48 173 51 175
44 183 55 183
48 201 51 202
47 203 55 203
47 211 55 211
45 214 56 214
46 224 55 224
47 236 58 236
48 242 55 242
47 248 55 248
49 1 56 1
48 5 56 5
48 28 56 28
49 30 50 34
49 36 56 36
49 56 52 57
48 67 56 67
48 86 56 86
49 91 52 92
47 93 56 93
49 94 58 94
49 121 52 123
49 124 60 124
49 138 60 138
45 154 56 154
48 164 52 165
48 168 59 168
45 185 56 185
49 192 50 196
49 198 59 198
49 220 56 220
49 221 56 221
49 230 57 230
46 231 57 231
50 8 51 11
50 12 57 12
47 19 57 19
50 21 61 21
50 26 57 26
50 27 57 27
49 29 58 29
50 46 53 47
49 54 54 55
50 64 53 65
49 79 59 79
50 82 53 83
50 100 58 100
49 107 57 107
48 111 57 111
50 117 60 117
50 128 54 129
49 131 57 131
46 153 57 153
48 155 57 155
50 162 60 162
48 166 59 166
49 176 58 176
50 184 57 184
48 186 57 186
50 207 53 209
46 217 57 217
50 232 53 233
50 14 58 14
51 24 54 25
51 33 62 33
51 37 54 38
51 44 54 45
47 53 58 53
51 73 54 74
50 89 54 90
48 97 59 97
50 99 58 99
51 119 54 120
47 143 58 143
49 147 54 148
50 160 60 160
51 180 54 181
51 193 59 193
50 205 54 206
50 222 60 222
51 225 58 225
49 228 54 229
51 243 53 246
52 8 62 8
52 9 62 9
51 17 55 18
51 20 59 20
51 30 61 30
50 40 59 40
51 41 60 41
52 75 59 75
52 80 59 80
52 87 59 87
50 102 55 103
48 105 59 105
52 157 59 157
52 158 60 158
52 171 61 171
52 174 61 174
51 192 59 192
51 194 55 195
52 201 62 201
52 202 59 202
52 204 59 204
52 226 55 227
49 249 60 249
53 2 56 3
52 11 62 11
51 31 56 32
53 56 60 56
52 68 61 68
52 71 56 72
51 84 62 84
53 91 60 91
53 95 60 95
53 112 56 113
53 122 60 122
53 125 60 125
49 130 60 130
52 133 61 133
52 136 60 136
53 140 61 140
53 151 61 151
53 163 60 163
53 164 60 164
53 165 60 165
52 178 62 178
53 215 63 215
53 223 60 223
53 240 56 241
51 247 60 247
51 34 61 34
54 46 57 47
54 48 56 51
54 57 57 59
54 60 62 60
54 64 62 64
54 81 57 83
52 88 62 88
54 104 61 104
52 135 63 135
54 137 61 137
54 141 58 142
53 149 61 149
53 150 61 150
54 199 59 200
54 207 55 210
52 212 61 212
54 213 61 213
50 219 61 219
50 234 61 234
54 244 61 244
54 7 62 7
52 10 62 10
51 16 62 16
51 23 62 23
55 37 65 37
55 42 60 43
55 44 58 45
54 63 63 63
54 65 65 65
55 73 63 73
55 85 62 85
55 89 58 90
51 101 62 101
52 114 63 114
55 115 60 116
55 120 59 121
54 127 62 127
54 134 63 134
55 144 56 148
55 169 59 170
55 172 65 172
55 179 56 182
54 187 58 188
54 189 65 189
53 196 58 197
55 205 63 205
54 232 59 233
55 235 65 235
51 237 62 237
56 17 59 18
52 22 63 22
55 24 63 24
56 38 59 39
55 54 63 54
55 74 63 74
55 119 66 119
55 128 59 129
55 161 63 161
53 177 63 177
56 194 59 195
56 203 63 203
55 206 65 206
56 207 61 208
56 210 63 210
56 211 66 211
56 227 64 227
55 229 63 229
52 238 63 238
54 239 64 239
57 0 58 4
57 5 66 5
55 25 65 25
57 31 64 31
57 32 64 32
57 35 60 36
57 48 66 48
54 52 64 52
57 71 64 71
57 72 64 72
55 76 60 77
57 86 64 86
57 93 64 93
56 108 60 109
57 112 65 112
57 113 64 113
54 126 64 126
57 145 60 146
53 173 64 173
57 179 60 180
57 181 64 181
57 182 68 182
57 185 65 185
56 209 67 209
57 220 60 221
56 242 64 242
56 248 64 248
58 12 61 13
58 26 61 27
57 28 65 28
58 47 66 47
57 50 61 51
55 55 66 55
58 57 61 59
54 61 65 61
55 66 65 66
57 67 65 67
57 69 61 70
57 78 65 78
56 96 66 96
58 111 69 111
55 118 65 118
58 131 62 132
57 147 65 147
58 152 59 156
54 175 65 175
58 184 65 184
58 186 65 186
58 216 61 218
56 224 67 224
57 241 65 241
59 0 66 0
59 1 60 4
58 19 67 19
59 29 70 29
59 44 69 44
58 46 66 46
57 49 66 49
58 81 69 81
59 89 62 90
58 98 68 98
59 99 62 100
56 102 66 102
55 159 66 159
59 188 67 188
57 191 67 191
59 196 62 197
58 230 63 231
55 246 66 246
59 14 67 14
57 15 67 15
60 17 63 18
60 20 67 20
60 38 63 40
60 75 71 75
60 79 63 80
60 87 68 87
60 105 64 106
58 107 67 107
56 110 67 110
60 129 71 129
59 141 61 144
60 153 61 157
60 168 63 170
60 192 61 195
60 202 69 202
59 225 67 225
56 226 67 226
60 232 68 232
56 243 67 243
61 1 62 4
61 36 69 36
61 41 64 43
61 56 69 56
61 76 70 76
58 82 69 82
59 94 68 94
61 95 68 95
61 108 72 108
60 120 68 120
61 122 63 125
61 136 70 136
57 139 68 139
61 145 68 145
60 152 69 152
61 160 72 160
61 162 62 166
61 180 69 180
57 183 68 183
57 190 68 190
60 198 64 199
60 204 68 204
57 214 68 214
61 220 62 223
61 247 68 247
62 12 69 12
62 26 73 26
62 34 65 35
59 45 69 45
62 57 70 57
59 62 69 62
62 68 65 69
61 91 69 91
62 104 71 104
61 116 65 117
62 137 69 137
62 140 63 143
62 144 69 144
62 149 69 149
62 153 64 156
59 167 70 167
62 174 73 174
59 176 69 176
61 179 69 179
62 193 69 193
62 212 66 213
62 217 71 217
60 233 71 233
58 240 69 240
62 244 72 244
61 249 72 249
63 1 66 2
63 3 71 3
63 6 64 9
62 13 73 13
62 30 72 30
63 58 66 60
59 83 70 83
63 84 66 85
63 88 66 90
60 97 71 97
63 99 73 99
63 101 70 101
60 121 71 121
63 127 72 127
63 130 67 131
62 133 73 133
61 146 72 146
62 150 66 151
62 157 72 157
61 158 70 158
63 163 70 163
63 164 72 164
63 165 67 166
62 171 71 171
63 178 72 178
63 194 64 197
63 201 73 201
62 207 70 207
62 208 70 208
63 220 64 223
62 234 70 234
59 245 70 245
63 4 72 4
63 10 67 11
64 22 68 23
64 38 67 40
62 50 67 51
64 63 73 63
62 70 72 70
64 79 72 79
64 80 71 80
64 123 71 123
64 124 68 125
64 140 71 140
64 141 71 141
64 142 71 142
64 161 71 161
64 168 67 170
64 203 71 203
64 205 72 205
64 210 74 210
62 218 71 218
62 219 72 219
64 228 65 231
65 8 72 8
65 9 72 9
64 17 68 18
64 24 72 24
65 31 72 31
65 32 69 33
65 42 72 42
63 64 72 64
65 71 72 71
65 72 72 72
64 73 72 73
64 74 72 74
65 86 72 86
65 93 72 93
61 103 72 103
61 109 72 109
65 113 68 115
65 126 75 126
64 134 68 135
64 143 74 143
65 153 73 153
63 162 73 162
64 177 74 177
65 181 73 181
65 194 73 194
65 195 69 196
65 199 73 199
65 220 72 220
65 221 76 221
65 237 68 239
65 242 76 242
65 248 72 248
66 34 69 35
64 54 73 54
66 65 69 67
66 68 73 68
66 69 73 69
66 77 70 78
62 92 73 92
65 105 69 106
66 112 73 112
66 116 69 118
63 132 73 132
66 147 73 147
62 148 73 148
66 184 67 187
65 197 73 197
64 215 74 215
65 227 73 227
66 229 73 229
66 230 69 231
67 0 74 0
67 1 70 2
65 7 75 7
63 16 74 16
66 25 75 25
66 28 75 28
67 46 71 47
65 52 70 53
67 60 70 61
67 84 75 84
67 89 74 89
67 102 74 102
63 128 74 128
67 151 74 151
66 172 76 172
67 211 70 213
66 241 76 241
68 11 75 11
68 19 78 19
68 20 78 20
68 39 76 39
65 41 76 41
67 48 71 49
68 50 79 50
67 55 78 55
67 58 71 59
67 90 76 90
68 107 77 107
68 110 78 110
64 122 75 122
64 138 75 138
68 168 76 168
68 186 78 186
68 188 72 189
64 192 75 192
68 224 71 226
66 228 75 228
66 235 75 235
67 5 76 5
68 14 72 15
69 18 76 18
66 37 76 37
67 85 78 85
69 87 80 87
69 94 72 95
69 119 74 120
68 130 72 131
69 134 74 135
69 139 77 139
69 145 77 145
68 166 76 166
68 184 78 184
69 204 76 204
66 206 76 206
68 243 76 243
70 12 81 12
69 22 73 23
70 32 71 36
68 40 77 40
70 62 80 62
70 66 77 66
67 96 77 96
66 100 77 100
70 106 77 106
69 113 73 114
69 115 77 115
70 117 74 118
69 124 73 125
70 137 80 137
70 144 79 144
70 149 79 149
68 169 79 169
70 176 77 176
70 180 78 180
69 183 78 183
69 190 77 190
68 191 77 191
70 193 77 193
70 195 73 196
70 230 79 230
69 238 77 238
69 246 73 247
71 1 74 2
67 6 78 6
68 10 79 10
71 53 78 53
70 56 78 56
71 57 79 57
71 60 75 61
70 67 81 67
71 76 76 77
71 82 75 83
70 91 78 91
69 98 79 98
71 101 79 101
70 116 78 116
70 152 79 152
71 163 82 163
68 165 79 165
70 179 78 179
70 202 79 202
68 209 78 209
71 213 74 214
70 231 78 231
69 232 78 232
71 234 78 234
67 236 78 236
71 245 79 245
72 32 73 36
70 44 75 45
72 48 75 49
72 58 79 58
71 78 80 78
72 80 75 81
70 105 81 105
72 123 79 123
71 136 79 136
72 142 82 142
72 161 83 161
68 175 79 175
68 187 79 187
72 203 79 203
71 207 75 208
71 211 75 212
68 216 79 216
72 217 75 218
72 224 75 226
69 237 79 237
72 3 82 3
73 8 77 9
73 15 82 15
69 21 80 21
73 31 80 31
73 42 81 42
69 51 80 51
71 52 81 52
72 59 80 59
73 64 81 64
73 70 76 72
73 79 80 79
73 86 80 86
73 93 81 93
73 95 82 95
73 127 84 127
73 130 80 130
73 131 81 131
72 140 77 141
69 156 80 156
71 158 80 158
69 170 80 170
69 173 80 173
73 205 84 205
73 219 76 220
69 223 80 223
73 248 76 249
73 24 81 24
74 32 78 33
74 34 81 34
74 35 81 35
74 36 82 36
72 46 77 47
74 54 82 54
74 69 82 69
73 73 77 74
72 97 83 97
72 104 81 104
74 112 81 112
74 114 81 114
74 124 81 124
74 125 81 125
74 153 85 153
73 157 83 157
70 159 81 159
73 164 83 164
73 178 84 178
73 188 81 188
74 194 77 195
70 222 81 222
74 227 81 227
72 233 83 233
74 247 81 247
75 0 78 2
73 4 82 4
73 14 84 14
75 16 82 16
74 22 78 23
73 30 84 30
71 43 82 43
74 68 82 68
75 89 82 89
75 102 84 102
73 108 78 109
74 132 78 133
75 134 85 134
74 147 82 147
75 151 85 151
71 167 82 167
72 171 82 171
74 181 79 182
74 196 76 199
71 200 82 200
75 213 78 215
74 229 82 229
74 246 85 246
76 44 81 45
76 49 84 49
72 65 83 65
72 75 83 75
76 80 85 80
73 94 84 94
74 99 85 99
75 118 83 118
74 148 85 148
72 150 83 150
74 162 83 162
72 185 83 185
76 207 87 207
76 212 83 212
76 217 79 218
76 228 83 228
76 235 87 235
73 244 83 244
77 5 84 5
76 7 85 7
76 11 84 11
73 17 84 17
77 18 86 18
76 25 87 25
76 27 80 28
73 29 84 29
77 37 80 39
76 60 81 61
74 63 85 63
77 71 86 71
76 81 80 82
76 83 80 84
73 88 84 88
73 103 84 103
75 135 86 135
75 143 84 143
73 154 84 154
77 168 85 168
75 177 84 177
77 198 88 198
77 204 84 204
75 210 86 210
77 219 84 219
77 220 80 221
76 224 81 225
77 239 78 243
77 249 88 249
78 40 82 41
78 46 81 47
78 66 86 66
78 72 81 74
74 92 85 92
78 96 86 96
78 106 87 106
76 138 85 138
78 139 81 141
78 145 81 146
77 166 85 166
78 176 85 176
78 189 78 197
74 201 85 201
77 206 85 206
79 0 86 0
79 1 83 2
79 6 90 6
78 8 82 9
79 22 82 23
75 26 86 26
79 33 87 33
76 48 87 48
79 53 87 53
79 55 82 56
77 90 87 90
79 108 87 108
79 109 82 111
78 115 86 115
79 116 86 116
76 126 86 126
75 128 86 128
79 132 86 132
79 179 87 179
79 183 90 183
79 189 87 189
79 190 87 190
79 193 82 195
79 215 90 215
76 226 86 226
79 231 87 231
79 234 87 234
79 236 87 236
78 238 87 238
79 241 82 243
80 58 89 58
79 91 87 91
80 101 89 101
78 107 87 107
80 122 83 123
79 133 90 133
80 136 87 136
80 174 83 175
79 180 87 180
79 197 87 197
80 202 84 203
79 209 87 209
79 213 83 214
79 232 87 232
79 239 87 239
77 13 88 13
79 19 90 19
81 21 90 21
81 28 88 28
81 31 89 31
81 37 85 38
81 50 84 51
81 59 88 59
81 77 84 79
81 81 90 81
81 82 82 85
81 86 84 87
77 121 88 121
81 129 84 130
80 144 90 144
80 152 90 152
81 155 84 156
81 158 89 158
80 165 91 165
77 172 88 172
80 181 88 181
79 184 90 184
79 191 84 192
80 217 84 218
81 220 92 220
80 237 89 237
77 248 88 248
82 24 89 24
82 34 85 35
82 45 85 47
80 57 89 57
82 64 92 64
82 104 89 104
82 112 85 114
82 124 86 125
82 140 90 140
82 145 90 145
82 146 90 146
80 149 91 149
81 170 89 170
82 187 87 188
78 199 89 199
78 208 89 208
80 216 90 216
82 221 83 224
82 227 90 227
80 230 89 230
80 245 89 245
82 247 90 247
83 3 86 4
83 8 90 8
83 9 92 9
83 15 86 16
79 20 90 20
83 22 90 22
83 39 86 41
82 42 92 42
82 44 91 44
83 55 86 56
82 60 90 60
83 68 88 69
82 73 86 74
83 82 90 82
83 83 90 83
83 84 90 84
83 89 90 89
82 93 90 93
80 98 91 98
83 109 90 109
83 110 94 110
83 111 92 111
79 117 90 117
79 119 90 119
82 131 91 131
82 141 90 141
83 147 90 147
83 171 92 171
79 186 90 186
83 229 90 229
83 240 84 243
82 52 91 52
83 54 91 54
81 62 91 62
82 72 91 72
84 118 92 118
84 123 94 123
80 169 91 169
84 173 87 175
83 193 87 194
84 211 87 212
84 213 93 213
84 221 91 221
84 224 95 224
82 225 91 225
84 228 91 228
84 244 91 244
84 1 92 1
85 5 95 5
85 10 88 12
83 36 92 36
85 49 89 50
85 51 92 51
84 65 92 65
82 67 93 67
81 70 92 70
84 75 92 75
85 77 88 78
85 79 93 79
85 87 88 88
85 94 95 94
83 95 92 95
82 105 92 105
84 122 92 122
85 129 92 129
85 130 92 130
81 137 92 137
83 142 94 142
85 154 93 154
85 155 96 155
84 160 86 163
81 182 92 182
85 202 88 203
85 204 88 205
84 214 93 214
85 217 90 218
85 219 94 219
84 222 88 223
85 240 93 240
85 241 88 243
82 27 93 27
85 30 95 30
86 34 96 34
86 35 94 35
86 46 89 47
85 86 96 86
86 92 94 92
85 102 89 103
86 112 89 114
86 134 96 134
86 138 89 139
84 157 95 157
82 159 93 159
86 166 94 166
86 176 93 176
85 177 93 177
83 200 94 200
86 206 93 206
87 0 98 0
87 3 90 4
87 26 94 26
85 29 96 29
86 37 90 38
87 40 98 40
87 56 94 56
87 66 94 66
87 71 97 71
87 73 97 73
83 76 94 76
86 80 94 80
87 96 95 96
87 115 95 115
87 116 97 116
87 132 95 132
85 143 94 143
87 162 95 162
84 164 94 164
86 167 90 168
84 233 95 233
86 7 95 7
87 14 91 15
86 45 95 45
84 97 95 97
88 106 91 108
87 124 89 127
87 128 97 128
88 135 92 136
86 150 91 151
87 161 95 161
88 173 99 173
88 174 95 174
85 178 95 178
88 179 91 180
84 185 95 185
88 187 88 194
84 195 95 195
88 197 95 197
88 209 89 212
87 226 98 226
88 231 92 232
88 236 95 236
88 238 92 239
89 10 100 10
87 18 96 18
89 28 96 28
88 32 92 33
88 53 96 53
89 59 96 59
85 61 96 61
86 63 96 63
89 77 96 77
85 85 96 85
89 87 92 88
88 90 93 91
87 99 92 100
85 156 96 156
87 163 98 163
89 172 98 172
89 187 89 194
89 205 96 205
89 223 99 223
88 234 96 234
89 241 92 242
89 248 92 249
86 2 97 2
90 24 94 25
90 46 98 46
87 55 98 55
90 57 94 58
89 78 99 78
90 101 91 104
90 112 97 112
90 113 93 114
89 120 93 121
90 124 99 124
90 125 93 127
90 138 93 139
86 153 97 153
90 158 98 158
90 170 97 170
90 187 94 188
90 189 97 189
86 201 97 201
89 202 97 202
90 208 97 208
90 210 101 210
90 212 97 212
89 222 99 222
90 230 97 230
90 237 101 237
90 245 97 245
91 4 98 4
91 8 100 8
87 16 98 16
91 21 94 23
91 37 94 38
90 49 98 49
89 68 94 69
91 81 92 84
91 89 100 89
91 93 98 93
91 109 101 109
91 140 94 141
91 144 92 147
87 148 98 148
89 181 99 181
91 186 100 186
90 190 98 190
90 193 98 193
90 194 100 194
91 229 102 229
89 12 99 12
89 13 99 13
92 14 99 14
88 17 99 17
90 31 99 31
88 41 99 41
90 47 100 47
92 54 100 54
92 102 99 102
92 107 99 107
92 131 101 131
92 149 95 150
91 152 102 152
91 168 99 168
92 180 99 180
90 191 95 192
90 211 99 211
91 217 100 217
91 218 100 218
92 221 103 221
92 225 100 225
92 228 99 228
88 235 99 235
92 243 95 244
93 1 101 1
89 11 100 11
91 19 96 20
93 32 101 32
93 36 100 36
93 42 104 42
89 48 100 48
93 50 97 51
91 60 100 60
93 64 96 65
92 72 100 72
89 74 100 74
93 75 104 75
93 82 100 82
93 83 101 83
93 84 101 84
93 87 96 88
93 95 101 95
93 98 94 101
92 103 101 103
93 105 100 105
93 118 104 118
93 122 100 122
93 135 100 135
93 145 101 145
93 146 96 147
93 182 96 184
89 198 100 198
91 203 96 204
91 216 100 216
91 227 100 227
93 238 101 238
93 242 102 242
91 246 96 247
93 248 98 249
91 3 101 3
93 33 102 33
90 39 101 39
92 43 97 44
92 52 101 52
92 62 101 62
94 91 102 91
94 113 97 114
91 117 101 117
94 119 97 121
94 127 102 127
93 129 97 130
93 137 102 137
94 138 102 138
94 139 103 139
94 159 105 159
91 167 102 167
92 169 103 169
94 175 99 176
94 206 105 206
90 207 101 207
94 213 97 215
93 231 97 232
93 9 102 9
95 23 104 23
95 24 96 27
95 35 103 35
95 37 103 37
95 56 98 57
95 76 106 76
95 80 98 81
94 90 102 90
95 98 98 100
92 104 103 104
94 125 102 125
95 140 103 140
95 141 96 144
95 164 104 164
93 171 102 171
94 177 103 177
95 187 106 187
91 196 102 196
95 219 105 219
94 239 98 240
96 45 105 45
95 66 99 67
94 79 103 79
95 101 103 101
92 106 103 106
93 111 103 111
95 123 104 123
96 149 100 150
92 151 103 151
94 154 103 154
96 174 104 174
92 179 103 179
96 191 103 191
96 192 103 192
96 197 104 197
92 209 103 209
93 241 103 241
96 243 99 244
97 18 101 19
97 24 98 29
97 53 104 53
97 58 100 59
97 65 105 65
95 68 100 69
97 77 105 77
97 85 108 85
97 86 100 88
95 92 104 92
93 108 104 108
96 115 104 115
97 141 98 144
97 147 105 147
96 161 104 161
93 165 104 165
95 166 104 166
96 178 107 178
97 182 98 185
93 199 104 199
97 204 100 205
97 233 100 234
96 236 104 236
96 5 105 5
96 6 101 7
94 15 105 15
98 50 105 50
97 63 101 64
96 96 101 97
98 112 101 114
98 120 101 121
94 126 105 126
96 132 101 133
97 146 105 146
97 155 101 156
94 160 105 160
96 162 105 162
98 170 105 170
98 189 105 189
96 195 106 195
98 202 106 202
98 208 106 208
98 212 106 212
98 213 101 215
94 220 105 220
98 230 105 230
98 231 105 231
98 245 101 246
99 4 109 4
95 22 106 22
99 24 102 26
99 29 110 29
98 43 107 43
99 49 110 49
99 80 104 81
96 94 107 94
99 98 102 100
95 110 106 110
98 128 103 129
98 130 106 130
95 136 106 136
99 141 106 141
99 182 100 185
99 190 110 190
99 193 106 193
97 203 106 203
98 2 107 2
100 12 111 12
100 13 103 14
98 20 103 21
99 27 109 27
96 30 107 30
100 31 107 31
97 34 107 34
100 41 107 41
99 46 107 46
99 55 103 56
100 66 107 66
98 73 107 73
99 93 107 93
100 107 109 107
98 119 107 119
97 134 108 134
99 142 103 143
99 144 107 144
99 158 108 158
100 168 108 168
100 180 103 181
98 201 108 201
100 211 107 211
96 224 107 224
100 228 108 228
100 235 108 235
99 239 103 240
100 243 107 243
97 247 107 247
99 248 103 249
101 8 110 8
101 36 111 36
97 38 108 38
98 44 108 44
101 47 104 48
98 51 109 51
101 57 102 60
98 71 108 71
101 72 108 72
100 78 111 78
101 82 108 82
101 86 102 89
100 102 108 102
101 105 110 105
98 116 109 116
101 122 108 122
101 135 108 135
101 148 106 149
101 150 112 150
97 157 108 157
100 175 110 175
101 185 108 185
101 194 112 194
101 205 108 205
101 216 104 218
101 225 109 225
101 227 109 227
101 232 105 233
101 234 108 234
102 1 109 1
102 6 109 6
102 7 109 7
102 39 109 39
102 52 110 52
101 54 109 54
102 61 103 64
101 69 109 69
102 95 107 96
102 97 113 97
102 103 113 103
102 109 113 109
102 112 105 114
102 120 112 120
100 124 110 124
102 132 109 132
99 172 110 172
101 182 112 182
98 188 109 188
98 200 109 200
102 207 110 207
102 215 109 215
100 222 105 223
99 226 109 226
102 245 105 246
103 9 110 9
99 16 110 16
103 24 110 24
103 25 110 25
102 32 110 32
99 40 110 40
103 59 106 60
102 83 110 83
102 84 110 84
103 86 110 86
103 87 110 87
103 88 113 88
103 125 110 125
103 127 110 127
103 137 107 138
102 145 111 145
102 155 106 156
99 163 110 163
100 176 110 176
101 186 110 186
103 196 112 196
101 204 112 204
104 13 112 13
102 18 107 19
100 28 111 28
104 37 111 37
104 55 108 56
103 57 107 58
104 63 107 64
101 68 112 68
104 79 111 79
103 89 113 89
103 90 108 91
104 98 105 101
104 111 111 111
102 131 111 131
104 142 107 143
104 151 107 152
100 173 111 173
104 177 115 177
104 179 107 180
101 184 111 184
104 191 111 191
104 192 112 192
104 209 111 209
102 213 107 214
102 237 107 238
104 239 108 240
104 241 114 241
103 242 111 242
100 244 111 244
104 248 111 248
101 0 112 0
102 3 112 3
104 14 115 14
101 17 112 17
104 21 114 21
103 26 112 26
103 33 112 33
104 35 112 35
105 53 115 53
101 74 112 74
105 80 115 80
105 115 112 115
102 117 112 117
102 121 112 121
104 128 113 128
104 154 112 154
105 161 112 161
105 164 106 167
103 171 112 171
105 197 112 197
105 236 112 236
105 47 109 48
106 50 113 50
106 77 114 77
106 99 109 101
106 113 115 113
106 114 114 114
104 139 109 140
106 146 116 146
106 147 114 147
105 174 113 174
106 189 113 189
105 217 113 217
105 218 113 218
106 219 109 220
106 221 109 222
106 223 113 223
103 229 113 229
106 230 107 233
106 245 115 245
107 22 114 22
105 23 114 23
107 59 109 62
105 92 114 92
107 130 118 130
103 133 114 133
107 141 116 141
103 153 114 153
107 156 114 156
106 162 114 162
107 166 114 166
107 167 116 167
106 169 110 170
103 183 114 183
107 193 115 193
107 202 116 202
106 5 116 5
108 19 115 19
108 31 118 31
108 34 115 34
108 41 111 42
108 43 116 43
106 45 115 45
108 57 112 58
108 63 115 63
108 64 115 64
106 65 115 65
108 73 116 73
105 75 116 75
105 81 115 81
108 93 109 96
106 112 115 112
108 119 116 119
105 123 115 123
108 143 111 144
108 151 112 152
107 164 111 165
108 179 111 180
104 181 115 181
107 195 117 195
108 211 115 211
107 212 115 212
108 230 109 233
108 237 116 237
108 243 116 243
108 246 111 247
108 2 116 2
108 46 116 46
108 66 112 67
109 71 116 71
109 72 116 72
109 91 119 91
106 98 116 98
109 102 116 102
105 108 116 108
109 122 116 122
109 134 112 135
108 137 116 137
109 157 112 158
109 168 119 168
109 185 116 185
107 203 116 203
107 208 117 208
109 228 118 228
109 234 112 235
110 1 120 1
110 6 115 7
108 18 117 18
110 38 113 39
109 44 117 44
109 56 117 56
110 59 118 59
110 60 113 62
110 69 117 69
109 82 118 82
110 93 111 96
110 99 114 100
106 104 117 104
107 110 117 110
106 129 117 129
110 139 119 139
108 142 119 142
107 149 117 149
110 187 113 188
108 198 113 199
110 200 118 200
109 205 117 205
106 206 117 206
110 213 111 216
110 219 111 222
110 224 111 227
110 231 119 231
109 239 114 240
110 4 119 4
111 9 114 10
111 24 115 25
110 27 121 27
108 30 118 30
111 32 118 32
110 47 114 48
110 54 115 55
111 83 118 83
111 84 118 84
111 85 114 86
111 105 121 105
110 107 120 107
107 118 118 118
111 124 112 127
110 132 118 132
111 169 119 169
111 172 122 172
111 176 118 176
108 178 119 178
111 186 118 186
109 201 118 201
107 210 118 210
110 230 119 230
110 233 120 233
108 15 119 15
112 36 115 37
112 41 115 42
111 51 115 52
112 78 115 79
111 87 119 87
112 94 119 94
112 96 119 96
110 101 119 101
112 111 122 111
108 136 119 136
110 140 119 140
112 144 115 145
108 159 119 159
108 160 119 160
112 165 122 165
111 170 119 170
112 179 116 180
112 184 123 184
112 191 119 191
111 207 119 207
112 209 120 209
112 213 120 213
112 222 123 222
112 224 113 227
112 242 119 242
112 246 119 246
112 247 115 248
108 249 119 249
113 0 120 0
113 3 120 3
111 8 122 8
109 20 120 20
113 26 121 26
112 28 117 29
113 33 124 33
113 35 120 35
113 66 122 66
109 76 120 76
113 115 123 115
113 120 116 121
113 124 120 124
113 127 123 127
112 131 120 131
112 143 120 143
113 152 122 152
113 154 124 154
113 157 118 158
113 161 120 161
113 171 120 171
113 197 122 197
112 219 123 219
113 234 116 236
109 238 120 238
110 11 121 11
113 13 121 13
114 38 124 38
111 40 121 40
111 49 121 49
114 50 121 50
113 57 121 57
114 60 118 61
113 67 117 68
110 106 121 106
114 128 124 128
113 134 117 135
114 173 117 174
111 175 121 175
114 187 118 188
113 192 123 192
114 215 115 218
114 223 121 223
114 226 121 226
110 232 121 232
112 244 123 244
115 9 122 9
115 10 124 10
115 21 118 23
115 47 118 48
115 77 126 77
115 85 118 86
112 93 123 93
115 100 122 100
113 117 123 117
111 138 122 138
115 147 123 147
113 150 118 151
115 155 118 156
115 162 122 162
112 164 123 164
115 166 122 166
115 183 122 183
114 189 118 190
113 196 122 196
114 198 118 199
113 220 118 221
114 224 122 224
114 229 125 229
116 19 125 19
116 24 121 25
116 34 127 34
116 41 120 42
116 51 119 53
114 62 123 62
116 63 119 65
116 80 119 81
114 88 125 88
114 89 119 90
112 95 123 95
115 114 123 114
113 125 124 125
116 144 119 145
112 163 123 163
116 193 123 193
113 194 123 194
116 211 123 211
116 212 126 212
112 214 123 214
116 218 123 218
115 239 119 240
116 245 124 245
116 247 119 248
117 2 124 2
116 6 120 7
116 36 120 37
114 39 125 39
116 45 125 45
113 58 124 58
117 71 118 75
116 78 121 79
115 92 124 92
117 98 124 98
117 102 120 103
114 109 125 109
117 119 118 122
116 123 127 123
117 137 124 137
113 148 124 148
117 180 125 180
116 181 121 182
117 185 124 185
117 202 120 204
116 217 124 217
117 234 118 237
115 241 124 241
117 243 124 243
116 16 121 17
118 18 125 18
117 43 125 43
118 44 125 44
117 46 125 46
116 54 121 55
118 69 122 70
115 99 126 99
118 104 127 104
117 108 125 108
116 112 125 112
116 113 125 113
114 126 125 126
118 135 126 135
117 141 125 141
115 153 125 153
118 173 122 174
117 179 125 179
118 205 121 206
118 208 127 208
116 216 125 216
114 227 125 227
117 5 126 5
118 29 126 29
119 30 122 32
119 47 128 47
119 48 126 48
118 56 126 56
119 59 122 61
118 67 126 67
118 68 129 68
119 71 120 74
119 82 123 83
119 85 127 85
115 97 126 97
118 110 126 110
119 118 126 118
119 119 126 119
119 120 126 120
119 121 123 122
118 129 126 129
119 132 124 133
118 134 126 134
117 146 126 146
119 155 128 155
119 158 129 158
117 167 126 167
119 176 127 176
119 186 120 189
119 198 130 198
119 199 123 200
119 201 126 201
119 210 126 210
119 221 126 221
119 234 122 236
120 52 123 53
119 75 127 75
120 80 127 80
119 84 127 84
120 87 131 87
120 90 123 91
120 94 129 94
120 96 127 96
120 101 129 101
120 136 128 136
120 140 127 140
120 144 127 144
120 145 127 145
118 149 127 149
119 150 127 150
119 156 124 157
120 159 123 160
116 177 127 177
120 190 123 191
116 225 127 225
119 228 127 228
120 230 128 230
120 231 130 231
120 239 127 239
120 242 128 242
120 246 122 249
121 0 129 0
121 3 128 3
121 6 124 7
117 14 128 14
120 15 129 15
121 35 128 35
121 36 126 37
120 51 128 51
120 65 128 65
121 73 124 74
121 102 124 103
121 124 129 124
120 139 128 139
121 142 126 143
120 169 125 170
121 171 129 171
121 188 129 188
118 195 128 195
121 202 125 203
122 11 129 11
122 12 125 13
121 20 130 20
122 21 122 28
121 41 130 41
122 49 130 49
122 50 132 50
122 55 132 55
121 71 125 72
121 76 129 76
122 79 133 79
120 81 131 81
120 89 130 89
121 107 132 107
121 131 130 131
121 161 129 161
120 168 129 168
121 187 129 187
121 189 131 189
121 204 132 204
122 205 127 206
120 207 129 207
121 209 131 209
121 213 129 213
118 215 129 215
122 223 130 223
119 237 130 237
120 4 130 4
123 8 126 9
123 28 131 28
123 30 134 30
122 40 130 40
122 57 130 57
123 59 130 59
123 60 130 60
123 61 130 61
123 100 130 100
122 105 126 106
119 130 130 130
123 152 133 152
123 162 130 162
123 165 126 166
122 175 130 175
122 181 131 181
123 182 126 183
119 220 130 220
123 224 130 224
122 226 131 226
123 234 126 236
121 238 130 238
122 16 131 16
124 52 135 52
124 53 127 54
124 62 127 64
123 66 132 66
123 69 131 69
124 82 135 82
120 86 131 86
124 91 131 91
124 114 132 114
124 115 135 115
120 116 131 116
124 122 131 122
124 160 132 160
124 163 127 164
123 172 127 173
120 178 131 178
121 186 131 186
124 190 125 194
124 199 132 199
124 211 131 211
124 214 131 214
124 218 128 219
121 233 132 233
121 1 132 1
125 2 132 2
123 23 128 24
123 26 134 26
123 31 128 32
125 73 130 74
125 92 132 92
124 95 132 95
125 98 135 98
125 102 128 103
123 111 133 111
124 127 134 127
125 137 132 137
123 138 132 138
125 148 132 148
124 159 134 159
125 184 128 185
123 196 128 197
125 217 136 217
122 232 132 232
125 243 128 245
123 248 128 249
125 7 133 7
126 12 129 13
126 17 129 19
122 42 133 42
126 43 128 46
123 70 133 70
124 83 135 83
124 93 135 93
126 108 133 108
124 117 133 117
126 126 135 126
125 132 133 132
125 133 133 133
124 147 133 147
125 156 136 156
125 157 133 157
126 170 134 170
126 179 135 179
126 193 137 193
124 200 133 200
126 216 133 216
122 240 133 240
125 241 134 241
127 5 134 5
127 9 134 9
125 10 134 10
123 21 134 21
127 48 134 48
127 56 134 56
127 67 137 67
126 71 134 71
124 90 135 90
127 97 135 97
127 106 134 106
126 112 130 113
127 118 128 121
127 129 135 129
127 134 137 134
126 141 134 141
123 151 134 151
126 153 131 154
127 166 130 167
126 180 134 180
127 183 134 183
126 191 137 191
127 201 130 202
126 203 134 203
127 210 135 210
127 221 134 221
127 234 135 234
124 25 135 25
127 29 135 29
127 37 135 37
125 38 135 38
128 53 139 53
126 72 135 72
128 75 135 75
128 80 135 80
128 84 135 84
128 85 135 85
128 96 135 96
128 104 138 104
127 109 132 110
128 140 135 140
128 143 133 144
128 145 137 145
128 164 131 165
128 173 135 173
128 176 131 177
127 182 135 182
128 205 137 205
128 225 136 225
128 239 135 239
126 246 131 247
129 3 138 3
129 14 138 14
125 22 136 22
129 31 136 31
129 32 130 36
129 45 132 46
129 47 140 47
129 51 137 51
128 54 136 54
129 62 130 65
125 78 136 78
129 102 136 102
129 103 136 103
129 119 136 119
129 120 132 121
125 128 136 128
127 135 136 135
129 136 138 136
129 139 140 139
127 142 138 142
128 150 137 150
129 196 137 196
129 219 136 219
128 227 132 228
127 235 138 235
127 236 138 236
129 242 130 245
130 11 137 11
130 13 138 13
130 19 137 19
129 23 137 23
129 43 133 44
130 76 135 77
126 88 137 88
127 146 137 146
128 149 137 149
129 155 137 155
130 158 141 158
130 161 137 161
126 169 137 169
130 171 137 171
128 172 137 172
129 184 133 185
130 187 140 187
126 190 137 190
126 192 137 192
129 195 137 195
130 206 134 207
128 208 138 208
127 212 137 212
130 213 137 213
129 218 137 218
129 248 134 249
130 0 138 0
131 4 138 4
130 17 135 18
127 27 138 27
131 32 136 33
131 34 134 36
131 39 134 40
131 49 138 49
131 57 131 65
131 74 142 74
130 101 139 101
127 105 138 105
131 112 134 113
131 162 135 163
131 167 138 167
130 168 139 168
131 174 135 175
130 188 138 188
131 202 138 202
131 220 139 220
131 222 134 224
127 229 138 229
129 230 138 230
131 238 139 238
131 244 136 245
128 8 139 8
130 15 139 15
132 16 139 16
132 28 139 28
131 41 139 41
132 57 132 64
132 65 140 65
132 69 143 69
132 91 142 91
131 99 135 100
132 116 139 116
132 122 139 122
130 123 135 124
128 125 139 125
131 130 135 131
132 164 135 165
132 177 135 178
132 186 139 186
132 189 143 189
132 209 143 209
132 211 141 211
132 214 135 215
132 226 143 226
132 246 139 246
132 247 139 247
131 20 140 20
133 45 140 45
133 46 140 46
133 57 140 57
133 58 137 59
133 60 143 60
133 61 142 61
133 62 136 64
131 89 141 89
133 92 143 92
130 94 140 94
129 118 140 118
133 121 141 121
133 137 140 137
133 148 142 148
133 160 140 160
132 181 142 181
129 197 140 197
133 227 141 227
133 228 141 228
133 2 142 2
134 7 142 7
134 44 142 44
133 95 141 95
134 107 135 111
133 114 141 114
134 133 141 133
132 153 137 154
132 176 141 176
134 184 141 184
134 200 142 200
134 216 141 216
134 240 144 240
135 5 145 5
135 9 142 9
135 10 142 10
135 34 142 34
135 35 142 35
135 39 142 39
135 48 142 48
135 56 142 56
133 66 142 66
135 71 145 71
135 112 142 112
134 117 143 117
134 132 144 132
133 138 142 138
134 147 142 147
134 157 143 157
131 166 142 166
135 180 142 180
135 183 142 183
131 194 142 194
131 198 142 198
133 199 142 199
131 201 142 201
135 206 138 207
135 223 138 224
131 231 142 231
133 232 138 233
135 241 138 243
135 249 146 249
132 6 143 6
136 25 139 26
136 29 139 30
135 40 146 40
134 42 145 42
133 55 144 55
134 70 143 70
132 73 143 73
136 75 143 75
136 79 137 82
136 83 137 87
136 96 137 100
135 106 143 106
136 107 139 109
136 126 147 126
136 129 139 130
136 131 146 131
136 140 143 140
135 141 143 141
134 143 139 144
136 163 143 163
136 164 139 165
136 173 139 174
136 175 143 175
136 177 141 178
135 203 144 203
133 204 144 204
135 221 139 222
136 17 145 17
136 18 147 18
137 31 144 31
136 36 140 37
133 50 144 50
137 54 145 54
137 63 141 64
133 68 144 68
137 102 145 102
137 103 145 103
137 135 146 135
135 151 144 151
134 152 144 152
135 170 145 170
136 179 147 179
136 182 144 182
136 210 144 210
136 214 140 215
137 219 147 219
136 239 144 239
137 244 147 244
138 21 139 24
138 51 147 51
138 58 149 58
138 59 146 59
138 67 148 67
136 72 145 72
138 76 138 84
138 85 146 85
138 86 148 86
138 87 141 88
136 90 147 90
136 93 147 93
138 98 145 98
136 110 141 111
137 119 141 120
136 123 146 123
138 145 142 146
135 159 146 159
138 171 141 172
138 192 147 192
138 212 141 213
136 234 145 234
139 0 142 1
139 3 142 4
138 11 146 11
139 12 142 14
138 19 147 19
137 62 146 62
139 77 147 77
139 78 142 79
139 80 142 81
138 99 142 100
135 113 146 113
135 127 146 127
137 128 147 128
138 153 146 153
138 161 146 161
139 167 146 167
138 190 143 191
138 195 142 196
139 202 150 202
139 207 143 208
139 223 142 224
137 225 146 225
139 241 142 243
135 248 146 248
140 15 147 15
140 16 147 16
140 21 140 30
136 38 147 38
140 41 147 41
139 49 147 49
136 52 147 52
138 96 143 97
139 104 143 105
140 107 149 107
140 109 148 109
140 115 145 116
140 122 147 122
140 129 151 129
138 149 143 150
138 154 143 155
140 165 149 165
140 173 148 173
139 188 147 188
138 205 147 205
139 206 147 206
138 218 147 218
140 220 148 220
139 232 147 232
139 233 148 233
140 246 147 246
140 247 148 247
141 20 141 27
141 28 144 30
141 36 150 36
141 37 149 37
141 46 145 47
141 57 148 57
139 83 148 83
140 101 151 101
138 134 148 134
139 136 148 136
141 137 149 137
140 185 144 186
141 214 145 215
140 222 148 222
139 229 144 230
140 235 142 238
142 20 143 25
142 26 151 26
141 45 149 45
142 63 149 63
141 65 150 65
139 82 149 82
142 87 145 88
142 89 153 89
141 94 149 94
142 114 149 114
142 118 143 121
142 133 150 133
140 143 145 144
141 160 149 160
140 168 149 168
142 171 151 171
142 176 149 176
142 184 153 184
138 193 149 193
142 213 152 213
142 216 147 217
140 221 151 221
142 227 149 227
142 228 149 228
143 0 144 3
143 4 152 4
143 8 146 10
143 12 146 13
143 14 153 14
143 39 152 39
143 43 146 44
143 48 150 48
143 56 152 56
143 61 152 61
142 64 150 64
143 66 153 66
143 78 145 81
139 84 150 84
142 95 150 95
143 99 147 100
143 110 146 112
139 124 150 124
143 138 146 139
143 145 144 148
142 177 150 177
143 180 147 181
143 183 151 183
143 194 150 194
143 195 144 198
143 199 146 201
142 211 150 211
143 223 154 223
143 236 148 237
143 242 147 243
143 7 151 7
144 20 147 21
144 22 147 24
142 27 152 27
143 32 145 35
144 70 151 70
144 73 147 75
144 104 148 105
144 106 154 106
144 117 147 119
144 120 147 121
140 130 151 130
144 140 151 140
144 141 147 142
144 163 154 163
144 175 151 175
141 187 151 187
144 191 152 191
145 0 148 1
145 2 148 3
144 25 155 25
145 31 152 31
145 68 152 68
141 108 152 108
145 147 146 150
145 151 152 151
144 157 148 158
142 172 152 172
145 182 152 182
145 195 148 197
144 208 152 208
145 209 148 210
145 229 152 229
145 230 153 230
145 238 148 240
143 241 153 241
144 6 154 6
145 29 149 30
146 34 149 35
146 46 150 47
146 53 149 55
146 71 149 72
146 87 154 87
143 91 153 91
144 92 153 92
144 97 153 97
146 102 150 103
145 132 154 132
146 143 153 143
145 146 153 146
143 166 154 166
142 174 153 174
142 178 153 178
145 185 153 185
145 203 153 203
146 214 155 214
146 234 155 234
147 10 150 11
147 12 154 12
146 17 155 17
145 28 156 28
146 42 157 42
147 43 154 43
144 60 154 60
147 62 155 62
146 79 154 79
146 98 154 98
147 135 158 135
147 138 154 138
146 144 156 144
145 145 156 145
147 147 150 148
147 149 150 150
147 153 151 154
147 161 154 161
143 162 154 162
147 167 155 167
144 189 154 189
147 198 150 199
147 201 158 201
147 224 150 225
144 226 154 226
143 235 154 235
147 248 157 248
148 15 156 15
148 16 156 16
148 18 149 22
148 23 156 23
148 24 155 24
146 33 155 33
148 38 155 38
148 40 152 41
148 49 151 51
147 59 155 59
148 73 158 73
148 77 153 78
146 81 157 81
147 85 155 85
148 99 151 100
147 111 156 111
146 116 155 116
148 117 156 117
148 120 151 122
148 141 156 141
148 142 155 142
145 152 156 152
144 164 155 164
146 169 151 170
148 179 151 181
148 188 155 188
148 192 158 192
148 204 151 205
148 215 149 219
148 231 151 232
148 242 151 243
148 244 151 246
149 0 160 0
149 3 159 3
146 5 156 5
147 44 156 44
148 52 158 52
149 57 156 57
146 88 156 88
149 104 159 104
147 112 156 112
147 113 156 113
148 118 156 118
148 119 156 119
147 123 158 123
145 125 156 125
147 127 156 127
149 156 150 159
149 195 152 196
148 206 156 206
149 209 152 210
149 222 156 222
149 239 152 240
149 1 157 1
147 9 158 9
147 13 158 13
150 19 157 19
150 20 161 20
150 21 158 21
150 30 157 30
150 34 155 35
150 37 160 37
150 45 158 45
150 55 157 55
150 63 158 63
150 71 154 72
148 74 157 74
146 80 157 80
150 82 161 82
149 83 158 83
149 86 160 86
150 94 157 94
150 114 154 115
147 131 157 131
149 136 157 136
150 137 157 137
146 155 157 155
150 168 158 168
150 176 159 176
150 193 158 193
147 200 158 200
146 212 157 212
150 216 157 216
150 217 153 219
149 220 157 220
150 227 157 227
150 228 157 228
149 233 157 233
149 237 153 238
149 247 157 247
149 2 159 2
151 10 154 11
150 22 158 22
151 47 155 48
151 64 154 65
148 75 158 75
147 76 158 76
151 95 154 96
149 109 159 109
148 128 158 128
151 147 152 150
151 157 158 157
151 158 160 158
151 159 158 159
150 160 158 160
149 173 159 173
151 194 158 194
151 197 155 198
151 224 161 224
152 7 160 7
152 50 159 50
149 67 160 67
148 69 159 69
152 70 160 70
151 102 159 102
151 103 159 103
150 107 159 107
148 110 159 110
152 129 155 130
151 133 159 133
149 134 159 134
152 139 156 140
152 153 160 153
150 165 159 165
152 169 159 169
152 175 159 175
151 177 159 177
152 186 155 187
152 204 162 204
150 215 159 215
152 242 157 243
150 18 161 18
153 31 161 31
151 36 160 36
153 39 156 40
153 68 160 68
152 99 160 99
152 100 156 101
149 105 160 105
153 147 162 147
153 148 156 149
153 150 156 151
151 156 161 156
152 171 162 171
153 181 156 182
152 183 160 183
153 195 156 196
153 207 154 210
151 211 160 211
153 229 161 229
152 231 156 232
153 240 163 240
152 244 156 245
149 249 160 249
153 4 162 4
150 8 161 8
152 26 161 26
150 29 161 29
151 46 162 46
152 51 161 51
154 90 159 91
150 93 161 93
154 97 163 97
153 108 162 108
154 143 161 143
154 146 161 146
153 172 162 172
154 178 161 178
152 180 163 180
154 185 161 185
153 191 161 191
151 199 161 199
151 202 161 202
154 219 161 219
154 238 161 238
152 246 161 246
155 6 165 6
155 11 158 12
153 27 162 27
155 43 166 43
153 53 158 54
153 56 162 56
155 64 163 64
155 65 163 65
154 66 165 66
155 72 164 72
155 87 164 87
155 95 158 96
155 98 166 98
155 115 163 115
153 121 158 122
151 126 162 126
155 138 162 138
152 154 162 154
155 161 165 161
155 163 166 163
155 189 163 189
152 205 162 205
155 208 160 209
153 213 162 213
155 225 158 226
154 230 162 230
154 237 165 237
154 241 164 241
155 10 163 10
154 14 165 14
156 17 167 17
156 24 161 25
156 33 159 35
156 38 163 38
156 47 163 47
156 59 167 59
155 60 163 60
153 61 163 61
155 79 163 79
156 85 163 85
152 124 163 124
156 130 164 130
156 142 163 142
156 167 163 167
152 170 163 170
152 179 163 179
156 186 159 188
152 190 163 190
156 197 164 197
154 203 163 203
154 218 165 218
156 234 165 234
157 39 164 39
153 41 164 41
157 44 166 44
156 48 161 49
157 57 166 57
156 62 164 62
157 88 164 88
154 92 164 92
157 100 164 100
157 101 164 101
157 113 164 113
156 116 165 116
157 117 168 117
157 118 160 119
157 125 165 125
156 129 164 129
157 139 160 141
157 148 164 148
157 149 160 150
157 151 160 152
157 181 165 181
157 182 166 182
157 195 160 196
157 206 160 207
155 210 164 210
153 221 164 221
157 222 164 222
157 231 160 232
155 235 160 236
157 244 167 244
158 1 165 1
157 23 165 23
158 30 165 30
158 55 165 55
158 74 166 74
156 77 161 78
158 80 161 81
158 94 167 94
157 111 161 112
155 114 165 114
154 120 165 120
157 127 165 127
155 132 165 132
155 166 166 166
158 216 167 216
158 220 165 220
158 227 161 228
158 233 168 233
158 247 161 248
157 5 168 5
159 11 162 12
157 15 162 16
158 19 166 19
159 45 166 45
159 53 168 53
155 58 166 58
159 63 168 63
159 75 166 75
159 83 162 84
155 89 166 89
159 96 166 96
155 106 166 106
159 122 163 123
159 128 166 128
158 136 162 137
157 144 168 144
159 157 166 157
159 159 166 159
159 160 166 160
159 192 170 192
159 193 162 194
156 214 166 214
159 225 167 225
159 226 167 226
160 2 171 2
159 9 170 9
159 21 164 22
160 34 167 34
160 50 170 50
159 95 169 95
160 102 163 104
160 107 171 107
160 109 171 109
159 121 167 121
160 133 170 133
160 134 163 135
157 145 167 145
156 162 167 162
160 165 167 165
159 168 168 168
160 169 168 169
160 173 161 177
160 215 167 215
156 217 167 217
158 242 167 242
158 243 168 243
161 7 168 7
159 52 169 52
159 54 168 54
161 68 164 70
157 71 168 71
160 91 168 91
161 99 168 99
161 119 171 119
161 149 162 153
161 183 165 184
160 187 164 188
161 195 170 195
161 207 164 209
161 231 168 231
161 235 169 235
162 8 169 8
159 13 169 13
162 24 165 26
161 36 165 37
159 73 169 73
162 80 165 82
158 131 169 131
162 143 169 143
162 146 169 146
158 155 169 155
162 176 172 176
162 177 165 178
162 185 170 185
162 191 170 191
162 199 169 199
162 202 169 202
162 219 169 219
158 223 169 223
162 227 165 229
162 238 165 239
162 246 170 246
162 247 173 247
162 248 169 248
163 12 172 12
163 16 170 16
163 27 170 27
162 28 166 29
162 51 170 51
162 77 170 77
161 105 171 105
160 110 171 110
162 111 166 112
163 126 171 126
163 136 164 141
163 150 166 152
163 153 167 154
161 158 171 158
163 171 166 173
162 174 172 174
160 186 170 186
163 194 171 194
163 204 167 205
161 211 170 211
163 213 173 213
163 230 170 230
161 236 171 236
160 3 171 3
164 10 168 11
162 31 167 32
160 35 171 35
164 38 174 38
160 42 171 42
164 46 165 49
164 60 167 61
164 78 167 79
163 83 167 84
164 85 168 86
164 104 172 104
163 108 171 108
161 118 171 118
164 122 167 124
164 135 171 135
164 142 173 142
164 167 171 167
164 170 175 170
164 189 169 190
164 203 175 203
162 224 171 224
162 18 172 18
165 39 168 41
163 56 173 56
164 64 168 65
165 67 168 69
165 72 176 72
165 87 174 87
164 97 172 97
165 100 168 102
165 113 172 113
164 115 172 115
165 129 168 130
165 138 173 138
165 139 172 139
163 147 172 147
165 148 175 148
162 156 172 156
161 164 172 164
162 175 172 175
165 187 174 187
163 193 172 193
161 200 172 200
165 206 166 209
165 210 175 210
165 221 168 222
166 0 169 1
163 4 173 4
166 20 167 23
166 24 169 26
166 30 173 30
166 36 175 36
166 47 174 47
166 55 173 55
165 62 173 62
166 81 169 82
165 88 174 88
165 92 174 92
166 127 173 127
166 132 177 132
165 137 176 137
166 161 177 161
166 177 167 181
166 183 173 183
165 197 173 197
166 220 173 220
166 227 169 228
166 238 173 238
164 240 173 240
163 15 174 15
167 19 174 19
167 28 175 28
167 43 170 45
166 46 174 46
166 48 174 48
167 74 170 76
166 80 175 80
167 89 174 89
163 93 174 93
167 96 174 96
167 111 170 112
166 114 174 114
166 116 174 116
166 125 174 125
167 128 174 128
165 141 175 141
167 149 170 151
167 157 175 157
167 159 171 160
167 171 174 171
167 182 177 182
166 184 174 184
167 208 171 209
167 214 174 214
166 229 174 229
163 232 174 232
166 237 176 237
168 20 169 23
167 29 175 29
168 31 171 33
168 34 177 34
166 37 175 37
167 57 177 57
167 58 175 58
168 59 171 60
168 84 176 84
164 103 175 103
167 106 175 106
168 120 171 121
164 134 175 134
168 145 175 145
168 153 178 153
168 162 175 162
167 172 171 173
168 177 175 177
168 178 171 180
168 204 176 204
167 206 171 207
168 215 179 215
168 217 172 218
168 225 179 225
166 234 175 234
165 241 175 241
168 242 175 242
166 6 176 6
169 53 180 53
169 65 173 66
169 67 173 68
169 69 173 70
169 71 176 71
168 78 176 78
169 91 177 91
168 94 176 94
169 98 172 99
169 100 176 100
169 101 176 101
169 102 176 102
169 122 172 124
169 130 176 130
165 136 176 136
168 165 172 166
165 188 176 188
168 205 176 205
169 222 180 222
168 226 176 226
169 243 179 243
170 0 174 1
169 7 177 7
170 8 177 8
169 10 177 10
170 13 179 13
170 21 181 21
170 22 171 26
166 49 177 49
169 54 177 54
168 61 177 61
169 63 173 64
170 73 177 73
170 81 177 81
170 82 173 83
169 85 174 86
170 143 173 144
170 146 177 146
167 152 177 152
169 168 173 169
170 198 173 199
166 201 177 201
170 202 178 202
168 216 177 216
170 219 177 219
170 223 177 223
170 227 174 228
169 231 177 231
170 235 181 235
168 244 179 244
171 16 174 17
169 39 178 39
169 40 178 40
171 50 174 51
171 74 179 74
171 75 174 77
171 111 180 111
170 131 179 131
171 185 174 186
170 189 180 189
171 190 174 192
167 196 178 196
169 221 180 221
171 230 178 230
169 233 178 233
170 248 178 248
167 249 178 249
172 2 175 3
172 23 177 24
172 25 183 25
171 27 179 27
172 31 175 33
172 35 179 35
172 41 176 42
171 44 175 45
172 59 183 59
172 60 183 60
168 90 179 90
172 107 173 110
172 117 173 121
172 126 181 126
172 135 181 135
171 149 182 149
171 150 175 151
172 158 175 160
172 167 180 167
172 173 179 173
172 179 179 179
168 181 179 181
172 194 180 194
172 206 175 208
172 236 183 236
170 52 181 52
170 95 180 95
173 97 180 97
173 98 176 99
173 104 184 104
173 115 180 115
173 122 176 124
171 133 182 133
173 139 180 139
173 147 180 147
173 163 176 164
173 165 176 166
173 174 176 176
173 193 180 193
171 195 180 195
173 200 180 200
171 211 180 211
173 217 182 217
171 245 176 246
174 4 181 4
171 9 181 9
174 30 181 30
171 43 181 43
174 55 177 56
174 62 174 70
174 82 181 82
174 83 184 83
174 107 177 109
173 112 177 113
174 117 184 117
174 118 175 121
174 127 182 127
170 129 181 129
174 138 183 138
174 142 177 143
174 144 181 144
172 154 177 155
174 168 181 168
172 180 181 180
174 183 185 183
174 197 178 198
174 220 185 220
172 224 181 224
174 238 182 238
174 239 177 240
171 11 182 11
175 14 176 17
175 19 183 19
171 20 182 20
175 46 178 48
175 62 175 70
175 76 182 76
175 87 178 89
175 92 183 92
175 96 184 96
172 105 182 105
175 114 186 114
175 116 182 116
175 125 182 125
175 128 182 128
173 156 182 156
175 171 182 171
175 184 176 187
172 209 182 209
171 212 182 212
175 214 182 214
173 218 182 218
175 228 184 228
175 0 179 1
176 2 187 2
173 12 183 12
173 18 183 18
172 26 183 26
176 31 187 31
176 36 179 37
176 44 181 45
175 50 180 51
176 58 183 58
176 62 185 62
176 63 179 64
176 65 177 68
176 69 184 69
175 75 186 75
176 80 187 80
176 119 179 120
176 134 184 134
176 145 183 145
176 148 187 148
176 151 183 151
176 157 187 157
176 159 184 159
176 162 183 162
175 190 179 191
174 199 185 199
176 207 180 208
174 213 183 213
176 234 184 234
176 241 179 242
177 5 180 6
177 14 179 17
176 28 180 29
176 32 180 33
175 38 186 38
177 42 185 42
177 70 180 71
177 84 181 85
177 93 180 94
176 106 184 106
176 118 187 118
177 121 178 124
177 130 185 130
176 160 187 160
177 163 178 166
177 174 184 174
177 176 186 176
176 177 181 178
177 184 180 185
177 186 185 186
175 192 184 192
177 205 180 206
177 226 182 227
175 229 184 229
175 232 186 232
176 3 187 3
178 7 181 8
178 10 187 10
178 54 186 54
178 56 185 56
178 57 189 57
178 61 188 61
178 66 185 66
178 67 181 68
178 72 181 73
177 77 181 78
178 81 187 81
175 86 186 86
177 98 188 98
177 99 179 102
174 110 185 110
178 113 185 113
176 141 185 141
178 142 181 143
178 146 187 146
177 187 185 187
177 204 185 204
178 219 186 219
178 223 185 223
178 239 185 239
178 23 188 23
179 39 186 39
179 40 187 40
179 46 182 48
178 55 186 55
175 79 186 79
179 87 184 88
176 103 186 103
179 107 182 109
179 123 182 124
176 150 187 150
178 152 186 152
179 163 187 163
179 164 182 165
179 166 186 166
175 169 186 169
179 196 186 196
178 201 187 201
176 210 186 210
179 230 186 230
178 231 186 231
178 240 188 240
177 245 182 246
175 247 186 247
179 248 183 249
180 0 183 1
180 13 183 14
180 15 187 15
180 27 187 27
178 34 187 34
180 35 185 36
177 41 188 41
180 63 188 63
180 74 191 74
179 89 187 89
180 90 187 90
178 91 187 91
180 99 181 102
180 119 181 122
178 136 183 137
178 154 187 154
180 172 184 173
180 179 187 179
177 188 187 188
180 190 188 190
179 197 183 198
179 202 187 202
179 233 188 233
177 237 187 237
180 242 185 243
181 5 184 6
181 28 184 29
181 32 184 33
181 50 189 50
181 71 188 71
181 93 184 95
181 97 188 97
181 111 191 111
181 115 192 115
181 139 188 139
181 147 189 147
181 167 189 167
178 182 188 182
181 184 188 184
181 193 184 194
181 195 190 195
181 200 188 200
177 203 188 203
181 205 188 205
178 216 188 216
182 4 189 4
182 30 189 30
180 37 189 37
182 43 185 44
178 49 189 49
182 67 185 68
182 73 190 73
182 82 189 82
182 99 189 99
182 101 190 101
182 102 189 102
182 119 189 119
182 120 190 120
182 121 193 121
182 126 193 126
180 131 189 131
182 142 185 144
179 153 190 153
182 168 189 168
182 180 190 180
181 207 190 207
182 224 189 224
182 7 186 8
182 45 193 45
183 48 194 48
183 76 186 77
182 78 190 78
182 85 190 85
183 105 192 105
183 116 190 116
183 122 184 125
183 127 186 128
182 135 191 135
183 156 191 156
183 164 186 165
183 170 186 171
182 177 190 177
181 189 190 189
181 211 190 211
183 214 190 214
183 217 187 218
183 227 194 227
183 238 193 238
180 241 190 241
183 244 186 246
184 0 194 0
184 11 187 12
184 13 187 14
184 16 185 19
183 20 188 21
180 22 191 22
183 46 187 47
182 52 187 53
184 58 191 58
182 84 193 84
183 108 191 108
183 109 191 109
182 129 193 129
184 136 187 138
184 145 191 145
184 151 191 151
184 161 187 162
180 181 191 181
184 197 187 198
183 208 187 209
184 212 187 213
180 215 191 215
185 5 189 6
182 9 193 9
185 28 188 29
185 32 192 32
181 64 192 64
185 69 193 69
184 92 192 92
185 93 192 93
185 106 192 106
185 117 196 117
185 124 188 125
185 159 195 159
185 172 186 175
185 192 188 194
181 206 192 206
181 221 192 221
185 228 189 229
184 249 193 249
186 16 187 19
185 33 196 33
186 43 189 44
186 56 195 56
186 62 197 62
186 66 197 66
186 67 189 68
185 83 196 83
186 113 193 113
185 122 193 122
185 133 189 134
186 140 187 144
182 185 193 185
186 186 190 187
186 204 197 204
186 222 189 223
186 239 193 239
184 248 193 248
184 25 195 25
186 35 196 35
187 39 197 39
186 42 194 42
183 51 194 51
184 60 195 60
187 76 198 76
185 88 196 88
185 123 196 123
187 127 194 127
187 128 194 128
186 130 194 130
183 132 194 132
187 152 195 152
183 158 194 158
187 165 191 166
187 172 188 176
187 210 194 210
187 231 195 231
185 234 190 235
184 236 195 236
187 246 190 247
187 7 196 7
188 10 189 13
188 14 199 14
188 15 199 15
188 16 189 19
188 26 191 27
188 46 197 46
188 52 195 52
188 53 195 53
187 54 195 54
187 55 195 55
187 79 198 79
187 86 198 86
188 89 191 91
185 96 196 96
184 107 195 107
184 112 195 112
188 138 199 138
188 140 195 140
188 142 195 142
188 143 195 143
184 149 195 149
188 154 199 154
188 160 189 163
187 170 191 171
188 179 199 179
187 196 195 196
188 198 199 198
188 201 191 202
188 208 199 208
188 209 199 209
188 213 195 213
188 217 196 217
187 230 195 230
186 242 191 243
189 20 199 20
189 29 198 29
188 34 196 34
188 40 197 40
185 59 196 59
185 70 196 70
189 71 199 71
185 95 196 95
189 97 196 97
187 103 192 104
189 125 198 125
188 137 199 137
189 139 199 139
188 146 199 146
187 164 198 164
189 172 197 172
189 175 197 175
189 176 197 176
189 182 197 182
186 183 197 183
188 188 196 188
189 190 190 194
189 200 199 200
189 205 197 205
187 219 192 220
185 225 196 225
185 226 196 226
189 233 198 233
187 244 198 244
190 1 191 6
190 10 193 11
190 12 195 13
190 17 195 18
190 19 199 19
190 30 198 30
190 37 197 37
190 43 193 44
188 47 197 47
189 63 198 63
190 67 199 67
188 81 199 81
190 82 199 82
190 99 195 100
190 102 199 102
188 118 199 118
190 131 198 131
190 133 193 134
190 147 199 147
190 160 191 163
190 167 193 169
189 174 197 174
189 184 197 184
189 203 197 203
190 222 194 223
190 224 197 224
187 232 198 232
189 23 194 24
189 61 198 61
191 78 199 78
191 85 199 85
187 87 198 87
191 116 199 116
190 119 199 119
188 148 199 148
191 177 199 177
187 178 198 178
191 186 199 186
191 189 192 192
191 211 194 212
191 214 199 214
191 234 198 234
191 241 199 241
187 245 198 245
191 246 199 246
192 1 193 6
192 22 199 22
192 26 195 28
190 49 195 50
192 57 196 58
188 72 199 72
191 73 199 73
188 75 199 75
192 90 199 90
192 91 199 91
191 101 199 101
192 108 195 109
191 120 199 120
188 144 199 144
192 145 199 145
192 151 199 151
192 161 197 162
192 163 199 163
192 165 197 166
192 170 199 170
192 171 199 171
191 180 199 180
192 181 199 181
191 187 199 187
191 193 199 193
191 194 195 195
192 201 199 201
191 207 199 207
189 216 199 216
190 228 195 229
188 237 199 237
189 240 199 240
193 31 196 32
193 92 196 94
193 189 196 191
193 219 196 221
194 4 197 5
194 43 197 45
193 103 195 106
192 110 197 111
194 113 197 115
194 121 199 122
194 133 198 134
192 135 197 136
192 156 197 157
194 167 197 169
194 238 199 239
194 248 199 249
194 8 196 11
195 126 196 130
195 210 199 211
195 222 199 223
195 0 197 3
196 23 197 28
195 41 199 42
196 48 196 56
194 68 199 69
196 103 199 105
196 107 199 109
196 152 199 153
196 158 199 160
196 212 199 213
196 227 197 231
197 6 199 9
197 31 198 35
197 52 198 56
197 57 198 60
197 92 197 100
197 126 198 130
196 140 198 143
197 188 199 191
196 194 198 197
197 217 199 220
198 0 199 5
197 10 199 13
198 36 199 40
198 43 198 51
198 110 199 115
198 172 199 176
198 182 199 185
198 202 199 206
198 224 199 228
199 23 199 34
199 44 199 55
199 56 199 66
199 125 199 136
199 229 199 236
